   -0.19468276
   -0.04706336
   -0.10671359
   -0.15034853
   -0.14902117
   -0.15716402
    0.05469012
    0.04579945
    0.03585215
    0.04485924
   -0.06590315
    0.05780240
   -0.15630518
   -0.15109173
   -0.15426171
   -0.09590501
   -0.13874978
    0.05785213
    0.04928538
    0.03517072
    0.11432023
    1.49196724
   -0.02149856
    0.03844822
    0.09180445
   -0.04176167
    0.10171606
    0.03180693
    0.08405116
   -0.27721750
   -0.44212115
   -0.19762687
    0.36765871
    0.02674624
    0.37878125
   -0.49572935
   -0.44054587
    0.34169600
    0.02698950
   -0.28339032
   -0.12026676
    0.15842056
   -0.12330367
   -0.11971849
    0.04888248
    0.04241213
    0.06528627
    0.04445728
    0.04547853
    0.06461496
    0.04784488
    0.05700312
    0.05404806
   -0.13576230
    0.03334279
    0.07134998
    0.05571890
