           1           3   1.20999532432028     
           2           3   1.01766212836484     
           1           4   1.23320080740934     
           4           5   1.30298206144464     
           3           6   1.25880546440531     
           5           6   1.31743354787919     
           4           7  0.962394049255631     
           5           8  0.986170134995611     
           6           9  0.990068954050289     
           2          10  0.975441558841699     
           2          11  0.954920031808367     
           2          12  0.959419295544953     
          13          14   1.30821370391575     
          14          15   1.30387345869431     
          15          16   1.30139815451905     
          13          17   1.30436982854198     
          16          17   1.23903205653472     
          13          18  0.979879734443333     
          14          19  0.991270652865628     
          15          20  0.984557094189651     
          17          21  0.926689877074888     
           1          22  0.123401372538678     
           3          22  0.208790334540037     
           4          22  0.209574998682364     
           5          22  0.191731974539569     
           6          22  0.210291427210497     
          13          22  0.178673078940666     
          14          22  0.209190238218707     
          15          22  0.175552684952772     
          16          22  0.166026852852150     
          17          22  0.148510698960680     
          11          23  0.955765546922091     
          16          23   1.02307972534539     
          23          24  0.965875279805803     
          23          25  0.948883461220532     
          11          26  0.984067984922001     
          26          27  0.947136266494876     
          26          28  0.972666218795528     
          26          29  0.947443788006692     
           1          30  0.778853765762711     
           3          30  0.110532034701018     
           4          30  0.138553178116960     
          11          30  0.474321772064156     
          17          30  0.191007009389600     
          30          31  0.446364856753004     
          30          32  0.569008203749357     
          31          33   1.36439025546362     
          32          34  0.982419993205863     
          33          34  0.859775987845391     
          32          35   1.52728044865401     
          31          36  0.205403745057538     
          33          36   1.63567876660967     
          32          37  0.129742081037807     
          35          37   1.14883673223952     
           1          38  0.177705987379661     
          37          38  0.587340330788869     
          34          39  0.957630751168804     
          35          40   1.10552292423318     
          40          42  0.899980578997919     
          41          42  0.995199584658461     
          42          43  0.994552051714275     
          42          44  0.994158667917602     
          41          45  0.984622209275743     
          41          46  0.984034617237111     
          41          47  0.978693759978371     
          43          48  0.983959030476582     
          43          49  0.985088684732520     
          43          50  0.979422335683382     
          44          51  0.984264016211922     
          44          52  0.983935740710587     
          44          53  0.984269499752227     
          34          54  0.976317194960751     
          54          55  0.986654392980825     
          54          56  0.932959131656499     
          54          57  0.983362186862714     
